00000 Test1Test2Test3Test4Test5Test6 10000 5
11111 Test7Test8Test9Test0 1337 10
15423 Салатник_Arc_Empilable_10см 74 27
15427 Салатник_Luminarc_Эмпилабль_прозрачный_17см 146 38
15779 Шампунь_для_бесконтактной_мойки_автомобиля_HG8002N 237 37
15797 Жидкость_для_гидроусилителя_руля_HG7039R 220 94
15879 Дизайн-крючок_легкоудаляемый_крепление_Command_малый_2шт.арт._17082 200 40
15881 Крючок_легкоудаляемый_крепление_Command_малый_2_шт._арт.17002 132 40
15882 Застежки_Легкоудал_сцепляемые_клейкие_д/рамок_картин_мал.4шт.арт.17202 246 31
16188 Сироп_Hershey's_клубничный_623г 341 89
16435 Тарелка_суповая_Arc_Трианон 177 67
16436 Тарелка_обеденная_Arc_Трианон_24,5см 170 24
16821 Чай_черный_Ahmad_Эрл_Грей_100пак 365 78
16825 Чай_черный_Ahmad_Эрл_Грей_25пак 86 24
16833 Чай_черный_Ahmad_Английский_завтрак_листовой_200г 289 32
16909 Чай_черный_Твайнингс_Эрл_Грей_25пак_х_2г 224 33
16912 Чай_Твайнингс_черный_Эрл_Грей_100г_ж/б 439 26
16921 Чай_черный_Твайнингс_Цейлон_25пак_х_2г 229 67
17109 Вино_Утиель-Рекена_Висенте_Гандия_"Финка_дель_Мар"_Каберне-Совиньон_защищ._наим._кр._сух._12,5%_0,75л_(Испания) 674 69
17405 Виски_шотл.купаж.Чивас_Ригал_12_лет_40%_0,5л_п/у 2161 89
17433 Шампиньоны_ОКЕЙ_резаные_425мл 113 91
17434 Шампиньоны_ОКЕЙ_целые_425мл 111 50
17499 Грузди_ОКЕЙ_отборные_в_маринаде_314мл 105 95
17502 Маслята_ОКЕЙ_отборные_в_маринаде_314мл 125 63
17505 Опята_ОКЕЙ_отборные_в_маринаде_314мл 112 85
17532 Тарелка_суповая_УОТЕР_КОЛОР_20см 238 44
17533 Тарелка_обеденная_УОТЕР_КОЛОР_25см 244 73
19260 Соль_Белёк_выварочная_600г 65 39
19269 Насадка_на_МОП_тканевая_с_нитями_13х13х27 51 16
20613 Редис_красный_125г_упак 47 92
20618 Салат_в_горшочке_шт 50 26
20636 Кокос_шт 81 68
20637 Перец_микс_400г_упак 197 76
20641 Томаты_черри_250г_упак 91 22
20645 Манго_шт 147 53
20647 Авокадо_шт 90 40
20648 Киви_упак 130 23
20923 Свекла_на_подложке_600г 42 83
20956 Зубная_паста_GSK_Aquafresh_Отбеливание_100мл 111 73
20960 Крахмал_картофельный_Распак_200г 59 66
20987 Фасоль_красная_Бондюэль_425мл_ж/б 89 89
21042 Сетка_для_настольного_тенниса_Dobest_с_крепежом_W212S 269 73
21089 Сельдь_филе_Традиционная_в_масле_Vici_400г 198 56
21213 Хлеб_Столичный_0,6кг 23 76
21226 Зарядное_устройство_Сонар_модель_УЗ_207.01 1948 26
21240 Хлеб_"Ржаной_"Домашний",_350гр.шт. 14 56
21246 Огурцы_длинноплодные_шт 46 30
21247 Емкость_д/масла/уксуса_Pasabahce_с_пластиковой_пробкой_Olivia_260мл 112 31
21388 Ананас_Голд_шт 312 70
21435 Карамбола_шт 128 82
21437 Физалис_100г_упак 92 41
21440 Финики_свежие_200г_упак 72 53
21454 Салат_Айсберг_шт 120 82
21458 Томаты_черри_красные_на_ветке_500г_упак 214 60
21460 Чеснок_шт_фас 27 72
21496 Миф_авт._Морозная_свежесть_400г 48 85
21498 Стиральный_порошок_Миф_Морозная_свежесть_ручная_стирка_400г 37 100
21508 Скумбрия_Морской_Котик_натуральная_с_маслом_250г 56 31
21571 Сэндвич_с_салями_130г_шт 25 99
21677 Сахар-песок_10кг 415 38
21715 Хлеб_"С_отрубями",_350гр.**шт 13 23
21734 Блины_с_ветчиной_и_сыром_180г 39 42
21845 Бакинский_микс_500г_упак 206 86
21866 Картофель_сетка_5кг_упак 110 67
21876 Ствол_кокосовый_искусственный_60см 136 13
21895 Ананас_мини_шт 208 68
21964 Питахайя_шт 272 69
22190 Соус_том._По-Грузински_340г_ст.бан._Донконсервпром 27 73
22197 Кукуруза_Сладкая_450г_упак 110 91
22233 Редис_500г_упак 102 57
22317 Укроп_Премиум_40г_упак 34 50
22478 Хлеб_"Бородино",_400гр._шт. 20 95
22581 Слива_фасованная_900г_упак 268 87
22589 Маракуйа_2шт_упак 153 36
22594 Томаты_черри_желтый_250г_упак 130 15
22642 Платки_носовые_Zewa_Deluxe_с_ароматом_ромашки_10х10 87 81
22764 Картридж_Арагон-М_к_фильтру_Гейзер_6-8л/мин 819 26
23309 Манго_Голд_шт 201 67
23332 Салат_Мисклам_125г 195 18
23366 Томаты_черри_микс_250г_упак 162 67
23381 Инжир_шт 79 90
23479 Томаты_черри_Кумато_250г_упак 160 75
23481 Томаты_черри_слива_250г_упак 112 92
23497 Смесь_салатов_Месклан_Радиччо/Фриссе/Лолло_россо_60г_упак 100 36
23545 Смесь_салатная_Лазурный_берег_150г_пакеи 185 69
23806 Апельсин_Болло_1,5кг_упак 426 16
24238 Компрессор_автомобильный_Dominant_арт0201856 390 42
24293 Чеснок_250г_корзинка 214 61
24588 Багет_классический_"Парижский"_270_г 42 83
24786 Батон_"Семейный_"_0,7_кг 28 12
24974 Петрушка_Премиум_40г_упак 33 52
24981 Кинза_Израиль_40г_упак 35 89
24983 Лук_зеленый_90г_упак 26 77
25505 Сэндвич_с_ветчиной_и_сыром_,_двойной.160гр. 45 67
25630 Виноград_черный_500г_упак 181 99
25771 Колбаса_в/к_Иней_Сервелат_Скин_150г_в/у_нарезка 132 39
25773 Карбонад_Иней_Юбилейный_Скин_150г_в/у_нарезка 186 69
25776 Шейка_Иней_Подмосковная_Скин_150г_в/у_нарезка 185 60
25853 Чайник_электрический_ТЧН!_на_подставке_1,7л_арт176 604 38
25964 Багет_250г 12 96
25969 Багет_простой_150г 6 75
25981 Картофель_Израиль_красный_1,5кг_упак 186 86
25985 Картофель_Израиль_белый_1,5кг_упак 186 50
26073 Манго_спелое_Люкс 279 35
26191 Кашпо_Фиолек_d12,5_пластик 71 82
26195 Кашпо_Фиолек_д.16,5_пластик 127 93
26325 Хлеб_Кукурузный_с_сыром_300г/шт 39 87
26331 Салат_Руккола_125г 162 32
26336 Горошек_свежий_250г_упак 281 87
26588 Булочка_"Даллас"(с_творогом),100_г/шт 23 14
26650 Микс_цитрусовый_лайм/лимон_упак 98 32
26788 Хлеб_Монастырский_в/с_400г 22 96
26858 Хлебушек_8_злаков_300г 30 14
26895 Мини_багет_с_чесночным_маслом_120г 49 54
26954 Салат_Корн/Руккола_125г 196 99
27500 Хлеб_"БИО"(бездрожжевой),_500_г 69 14
27514 Томаты_черри_сливка_оранжевые_250г_упак 163 53
27535 Ягода_Годжи_суш_100г_упак 193 27
27613 Виноград_белый_б/к_500г_упак 123 65
28021 Яйцо_куриное_СО_Экстра_Роскар_10шт 101 46
28211 Батон_"Нарезной"_350_г 16 34
28227 Хлебушек_Кукурузный_30г,уп/5шт 22 62
29076 Зельц_Велком_Домашний_500г 205 23
29427 Сушилка_ТЧН!_для_фруктов/овощей/грибов_BY-1101 1549 13
29428 Сушилка_для_фруктов/овощей/грибов_4Home_BY-1102 1643 24
30441 Салат_красный_Кантри_в_горшочке_упак 100 50
30445 Салат_Трио_Микс_в_горшочке 101 99
31880 Багет_8_злаков_150г 15 35
31900 Морковь_по-корейски_Белоручка_с_кальмарами_500г 195 72
32045 Лайм_250г_упак 129 34
32211 Эспандер_для_йоги_и_фитнеса_Волшебное_кольцо_артPE05-2B 208 21
32590 Домкрат_гидравлический_Dominant_2т_подкатного_типа_в_кейсе 1403 21
32984 Батон_Семейный_0,3кг 15 23
33150 Ночник_Улитка_CT4007356 525 55
33277 Щетка-сгон_автомобильная_Dominant_16см_артyc08033 76 57
34194 Лепешка_"Томаты_с_базиликом"_165г 44 36
34312 Сельдерей_стеблевой_шт 119 52
34368 Сгон-скребок_автомобильный_Dominant_16см_артyc08029 66 95
34838 Хлеб_Ржаной_подовый_300г 16 62
35154 Термокружка_12,5х8,5х11,5см_450мл_артTBM003 207 31
35290 Термокружка_12,5х8,5х10,6см_350мл_артTBM002 206 98
35389 Ватные_палочки_ТЧН_100шт_п/э 16 24
37037 Багет_с_сыром_160гр 13 16
37548 Плетенка_с_маком_300г 16 52
38295 Печень_куриная_замороженная_Мираторг_1000гр 178 97
38759 Термокружка_12х7,9х10,7см_350мл_артTBM001 201 21
39105 Перчатки_для_плавания_Арт.HPSD032-2 361 77
39448 Ассорти_огурец/томат_700г 182 26
40060 Томаты_коктейльные_500г_упак 214 80
40160 Ролик_Scotch-Brite_универсальный_д/удаления_ворса_30листов 283 74
40161 Блок_сменный_Scotch-Brite_д/универсального_ролика_56листов 236 40
40345 Терка_Regent_четырехгранная_21см_арт.GR-72 136 71
40348 Сито_PRONTO_15,5см_корпус_из_нерж.стали 269 75
40833 Крышка_Regent_Inox_с_ободком_22см 157 37
40834 Крышка_Regent_Inox_с_ободком_26см 187 60
40836 Крышка_Regent_Inox_с_ободком_24см 167 51
40841 Крышка_Regent_Inox_с_ободком_28см 207 59
41170 Щетка_с_поролоном_и_сгоном_50см 142 100
41650 Шейка_Ладоград_Пряная_кг 821 72
41652 Говядина_к/в_Особая_Ладоград_._кг 1094 63
41654 Карбонад_Ладоград_Особый_кг 943 62
41655 Буженина_Ладоград_Нежная_запеченая_кг 1001 18
41676 Свекла_мытая_кг 45 40
41766 Буженина_по-домашнему_100г 54 98
41773 Сосиски_Черкизовский_Венские_ТУ_кг_н/о 454 63
41776 Треска_филе_б/ш_охл_кг 635 91
41863 Бананы_мини_кг 262 54
41891 Капуста_краснокочанная_кг 77 70
41898 Капуста_белокочанная_кг 59 13
41911 Кета_балык_х/к_цена_за_100г 93 61
41933 Помело_кг 137 71
41952 Говядина_вырезка_п/ф_охлажденный_кг 1194 16
41953 Свинина_вырезка_п/ф_охлажденный_кг 460 82
41959 Свинина_корейка_на_кости_п/ф_охлажденный_кг 392 29
41961 Томаты_соленые_100г 360 10
41998 Редис_Дайкон_кг 142 21
42014 Виноград_белый_б/к_кг 217 24
42023 Колбаса_ливерная_Классическая_кг 568 75
42025 Груша_Конференс_кг 204 42
42030 Яблоки_Грени_Смит_кг 81 100
42062 Имбирь_свежий_кг 299 45
42068 Минога_с/г_непотр_г/к_маринованная_цена_за_100г 119 91
42110 Печенье_воздушное 396 97
42126 Виноград_микс_фас_кг 269 53
42148 Клюква_дикораст_заморож_кг 302 80
42155 Груша_Китайская_кг 153 27
42167 Треска_б/г_потр_охл_кг 432 63
42169 Шампиньоны_маринованные_100г 730 22
42170 Икра_лососевая_зернистая_Кета_(Путина_2018)_цена_за_100г 455 91
42172 Айва_кг 181 94
42175 Лаваш 82 79
42341 Палтус_б/г_потр_х/к_цена_за_100г 167 25
42343 Набор_куриный_для_супа_охлажденный_СПбКК_кг 102 81
42418 Карась_с/г_непотр_охл_кг 181 39
42454 Булочка_с_маком 211 41
42480 Окунь_морской_тушка_охл_300-500,_кг 435 21
42502 Лук_репчатый_белый_кг 130 54
42573 Свинина_шея_на_кости_п/ф_охлажденный_СП_кг 424 85
42575 Свинина_окорок_на_кости_п/ф_охлажденный_СП_кг 318 44
42600 Голень_цыпленка_гриль._100гр. 30 21
42601 Телятина_лопатка_на_кости_п/ф_охлажденный_СП_кг 515 70
42612 Телятина_грудинка_на_кости_п/ф_охлажденный_СП_кг 395 98
42613 Телятина_толстый_край_на_кости_п/ф_охлажденный_СП_кг 529 99
42614 Телятина_филейная_часть_на_кости_п/ф_охлажденный_СП_кг 602 55
42616 Телятина_окорок_на_кости_п/ф_охлажденный_СП_кг 570 84
42617 Телятина_подбедерок_на_кости_п/ф_охлажденный_СП_кг 406 90
42625 Капуста_квашеная_кочанная_100г 119 73
42662 Печень_говяжья_п/ф_охлажденный_кг 344 71
42682 Котлеты_по-киевски_п/ф 357 56
42704 Говядина_лопатка_без_кости_зачищенная_п/ф_охлажденный_кг 511 75
42707 Говядина_тазобедренная_часть_без_кости_п/ф_охлажденный_кг 462 66
42708 Говядина_шея_без_кости_п/ф_охлажденный_кг 493 64
42733 Редька_маргеланская_кг 58 61
42739 Хлеб_"Чиабатта" 91 13
42758 Картофель_жареный_с_чесноком_100гр. 14 25
42765 Редька_черная_кг 58 53
42766 Рыба_под_маринадом.100гр. 36 64
42779 Спаржа_зеленая_кг 1062 34
42783 Ребра_к/в_Иней_кг 290 99
42850 Чеснок_н/урожай_кг 273 93
42861 Говядина_антрекот_поясничная_часть_п/ф_охлажденный_кг 626 73
42878 Морковь_с_грибами_по-корейски_100г 305 32
42882 Баранина_окорок_на_кости_п/ф_охлажденный_СП_кг 560 99
42884 Фарш_говяжий_с_бараниной_мясной_п/ф_охлажденный_СП_кг 359 69
42885 Баранина_котлетная_часть_на_кости_п/ф_охлажденный_СП_кг 630 62
42896 Баранина_лопатка_на_кости_п/ф_охлажденный_СП_кг 577 46
42897 Апельсины_кг 51 61
42907 Яблоки_Антоновка,_кг 102 26
42936 Форель_радужная_с/г_потр_охл_1-2кг 537 82
43003 Сосиски_Иней_Российские_кг 244 45
43013 Сельдь_с/г_непотр_с/с_цена_за_100г 26 80
43017 Сельдь_неразд_с/с_А'море_1000г_в/у 294 37
43021 Яблоки_Голден_фас_кг 112 40
43024 Мандарины_кг 82 80
43026 Мандарины_Марокко_кг 143 85
43039 Перец_оранжевый_кг 323 61
43093 Лук_ялтинский_кг 282 70
43109 Фенхель_кг 430 31
43197 Колбаса_в/к_Окраина_Рублевская_кг 852 85
43202 Сосиски_Окраина_Сливочные_газ_кг 630 41
43222 Сардельки_Говяжьи_кг_гву_кг 668 34
43238 Смесь_с_брокколи,_кг 173 95
43243 Дымовица_в/к_Останкино_из_лопатки_кг 559 77
43265 Яблоки_Роял_Гала_урожай_2019_кг 171 72
43271 Грейпфрут_отборный_фас_кг 185 58
43382 Батат_кг 338 66
43403 Минтай_филе_б/ш_охл_кг 373 46
43405 Треска_филе_б/ш_охл_(Премиум)_кг 962 64
43481 Колбаса_вареная_Рублевский_Докторская_ГОСТ_кг_б/о 874 26
43487 Колбаса_вареная_Молочная_ГОСТ_б/о_Рублёвский_вес_1_кг 694 87
43490 Буженина_Рублевская_запеченая_в/с_Рублёвский_порц_1_кг 1410 44
43498 Карринка_к/з_Рублевский_под_можжевеловой_ягодкой_кг 1188 25
43545 Дорада_с/г_непотр_300-400г_охл_кг 537 79
43548 Сибас_с/г_300-400г_непотр_охл_кг 464 27
43549 Сибас_с/г_непотр_400-600_охл_кг 493 96
43550 Дорада_с/г_непотр_400-600_охл_кг 502 84
43567 Филе_цыпленка_охлажденное_Моссельпром_кг 362 85
43614 Яблоки_Белый_налив,_кг 175 88
43691 Колбаса_Сальчичон_с/к_кг_Черкизовский 1059 26
43731 Сардельки_Черкизовский_Сытные_з/а_кг_н/о_лоток 197 12
43768 Гуляш_говяжий_п/ф_охлажденный_СП_кг 502 68
43775 Суповой_набор_из_говядины_п/ф_охлажденный_СП_кг 136 67
43854 Колбаса_вареная_Ладоград_Любительская_синюга_ГОСТ_н/о_кг 676 26
43946 Груша_Кошия_кг 191 99
43957 Пельмени_Снежная_страна_кг 276 18
43976 Кабачки_молочной_зрелости_кг 286 42
43979 Колбаса_с/к_Останкино_Зернистая_ГОСТ_кг 963 76
43980 Колбаса_с/к_Останкино_Салями_Итальянская_кг 964 47
44079 Сосиски_Докторские_кг 402 86
44121 Цыпленок_1кат_охлажденный_ПФ_Северная_кг 178 77
44136 Колбаса_Велком_Докторская_из_охл_мяса_кг_в_синюге_в/у 662 22
44139 Колбаса_с/к_Велком_из_охл_мяса_кг_в/у 1216 62
44156 Сыр_Ламбер_50%_1кг_Россия 810 97
44190 Апельсины_д/сока_фас_кг 81 78
44217 Рулька_свиная_в/к_Рублёвский_кг 666 66
44226 Колбаса_с/к_Рублёвский_Сервелат_в/с_кг 1745 95
44227 Колбаса_с/к_Рублёвский_Столичная_в/с_кг 1959 57
44228 Колбаса_с/к_Рублёвский_Брауншвейгская_кг 1743 40
44239 Печенье_Здоровье_с_изюмом 183 15
44242 Цыпленок_1кат_охлажденный_н/п_Петелинка_кг 197 74
44245 Бедро_цыпленка_охлажденное_Петелинка_кг 202 41
44246 Филе_цыпленка_охлажденное_Петелинка_кг 367 94
44248 Окорок_цыпленка_охлажденный_Петелинка_кг 219 91
44251 Крыло_цыпленка_охлажденное_Петелинка_кг 240 13
44252 Грудка_цыпленка_охлажденная_Петелинка_кг 163 19
44258 Бедро_цыпленка_в_маринаде_Петелинка_кг 208 12
44259 Крылышки_куриные_в_маринаде_Петелинка_кг 211 16
44266 Фарш_куриный_охлажденный_Превосходный_Моссельпром_кг 297 47
44270 Голень_цыпленка_охлажденная_Моссельпром_кг 276 13
44274 Грудка_цыпленка_охлажденная_б/кожи_Моссельпром_кг 281 56
44296 Сосиски_Царицыно_Славянские_охл_1_сорт_кг 197 77
44311 Грудка_цыпленка_охлажденная_Троекурово_кг 241 69
44328 Дорада_с/г_непотр_охл_200-300г_кг 558 63
44331 Сибас_с/г_непотр_охл_200-300,_кг 430 11
44371 Фасоль_стручковая_кг 841 63
44372 Слива_круглая_красная_кг 153 65
44376 Сыр_Arla_Natura_45%_1кг_Россия 738 34
44394 Капуста_квашеная_с_клюквой_100г 120 99
44464 Говядина_лопатка_на_кости_п/ф_охлажденный_СП_кг 493 11
44468 Говядина_подбедерок_на_кости_п/ф_охлажденный_СП_кг 392 64
44469 Говядина_тазобедренная_часть_на_кости_п/ф_охлажденный_СП_кг 609 16
44493 Картофель_мытый_кг 59 49
44508 Ананас_кг 184 38
44516 Говядина_котлетная_часть_на_кости_п/ф_охлажденный_СП_кг 591 45
44517 Говядина_грудинка_на_кости_п/ф_охлажденный_СП_кг 359 29
44550 Перец_острый_зеленый_кг 541 23
44554 Груша_Аббат_кг 205 84
44567 Груша_Форель_кг 142 61
44576 Морковь_по-корейски_100г 221 95
44580 Капуста_цветная_кг 279 50
44593 Брокколи_заморож_кг 134 82
44631 Судак_филе_б/ш_охл_кг 815 99
44633 Пирог_"Курник" 283 60
44706 Груша_Пакхам_кг 153 83
44748 Томаты_малосольные_100г 391 32
44750 Томаты_кг 218 63
44808 Сырный_продукт_плавленый_Янтарный_копченый_колбасный_45%_1кг_Россия 149 40
44810 Сыр_Ламбер_сливочный_55%_1кг_Россия 836 97
44817 Печенье_"Кокосанка" 351 67
44820 Яблоки_Глостер_кг 99 38
44835 Колбаса_вареная_Ладоград_Телячья_н/о_кг 653 91
44863 Брусника_заморож.,_кг 516 25
44936 Ножки_свиные_п/ф_охлажденный_СП_кг 82 76
44953 Лосось_атлантический_с/г_потр_охл_4-5,_кг 822 22
44960 Колбаса_в/к_Дымов_Сервелат_кг 878 49
44961 Грудинка_в/к_Дымов_Крылатская_кг_порц 822 19
44970 Шейка_в/к_Дымов_Дымовская_кг_в/у_порц 956 14
44973 Колбаса_с/к_Дымов_Брауншвейгская_полусухая_кг 1414 42
44977 Колбаса_с/к_Дымов_Сервелат_полусухой_кг 1267 54
44986 Икра_форель_цена_за_100г 302 38
44997 Груша_Конференс_фас_кг 175 77
45016 Колбаса_сервелат_с/к_Коньячный_кг 1062 88
45017 Хачапури_с_сыром 246 10
45063 Колбаса_вареная_Премиум_со_шпиком_и_чесноком_п/а_Папа_Может_кг 488 89
45082 Крыло_индейки_охлажденное_кг 204 31
45084 Груздь_черный_маринованный_100г 684 54
45108 Осьминог_охл.,_кг 1350 38
45114 Рыбные_палочки_Vici_зам_кг 178 58
45155 Шпиг_Рублёвский_По-домашнему_кг 721 97
45162 Колбаса_жареная_Рублёвский_Украинская_ГОСТ_кг 1115 26
45185 Печень_куриная_замороженная_Приосколье_кг 196 32
45244 Грудка_цыпленка_охлажденная_Приосколье_кг 295 57
45261 Вишня_без_косточки_заморож_кг 193 33
45263 Клубника_заморож.,_кг 175 59
45273 Черная_смородина_заморож.,_кг 131 14
45278 Бедро_куриное_гриль._100гр. 34 21
45290 Томаты_Бакинские_кг 267 29
45299 Чиз-кейк_с_ягодами 462 70
45345 Чиз-кейк_с_вишней 409 24
45360 Сыр_Добряна_Король_Артур_со_вкусом_топленого_молока_50%_1кг_Россия 781 43
45387 Скумбрия_б/г_потр_х/к_400+_крж_цена_за_100г 63 85
45439 Томаты_тепличные_кг 214 15
45441 Лук_Шалот_кг 282 47
45443 Яблоки_Джоноголд_кг 163 50
45453 Яблоки_Фуджи_кг 163 21
45455 Яблоки_Симиренко_кг 98 31
45459 Яблоки_Айдаред_кг 97 20
45479 Сосиски_Черкизовский_Аппетитные_классические_кг_гву 216 59
45532 Опята_по-корейски_100г 630 100
45688 Лук_репчатый_фас_кг 51 90
45699 Сердце_куриное_замороженное_Приосколье_кг 322 74
45704 Семга_филе-ломтики_с/с_цена_за_100г 179 75
45705 Рулет_кета_г/к_цена_за_100г 52 91
45711 Гриб_королевский_100г 534 87
45751 Виноград_красный_б/к_фас_кг 293 38
45758 Лимоны_Узбекистан,_кг 305 87
45766 Мандарины_отборные_фас_кг 152 40
45860 Яблоки_Ред_Делишес_кг 129 21
45866 Яблоки_Кубани_фас_кг 100 80
45871 Цыпленок_табака_по-грузински 24 94
45875 Каштан_кг 417 54
45891 Капуста_китайская_кг 121 80
45911 Апельсины_красные_кг 174 52
45926 Яблоки_Брэберн_кг 130 63
45939 Яблоки_Моди_кг 130 81
45972 Кабачки_кг 204 50
45986 Скумбрия_б/г_потр_х/к_цена_за_100г 54 83
46001 Цыпленок_1кат_охлажденный_калиброванный_Приосколье_кг 201 92
46008 Колбаса_с/к_Дымов_Зернистая_полусухая_кг 1158 39
46020 Судак_(Берш)_с/г_непотр.охл._0,4-1,_кг 410 43
46169 Свинина_Ладоград_Юбилейная_к/в_кг 842 77
46172 Сыр_Новопокровский_Муромский_50%_1кг_Россия 666 85
46280 Корень_хрена_кг 804 45
46293 Стерлядь_с/г_непотр_охл_продукт_аквакультуры_кг 963 95
46307 Сельдь_неразд_с/с_Балтийский_берег_1000г_в/у 273 40
46343 Чехонь_с/г_непотр_сол/суш_цена_за_100г 64 85
46402 Бедро_цыпленка_охлажденное_Халяль_Приосколье_кг 203 86
46410 Филе_цыпленка_охлажденное_Халяль_Приосколье_кг 352 46
46415 Тесто_дрожжевое_сдобное 61 77
46419 Тесто_дрожжевое_"Для_пирогов" 78 72
46429 Пирог_дрожжевой_с_вишней 210 33
46451 Филе_бедра_индейки_п/ф_охлажденный_кг 461 23
46500 Мандарин_Борха_фас_кг 394 39
46597 Колбаса_с/к_Брауншвейгская_Ладоград._кг 750 79
46600 Колбаса_с/к_Советская_Ладоград._кг 1138 32
46614 Запеканка_творожная_с_персиками.100гр. 259 54
46675 Икра_щуки_с/с_цена_за_100г 417 99
46740 Салат_фунчоза_100г 262 73
46749 Судак_с/г_непотр_вял_цена_за_100г 543 97
46794 Яблоки_Гала_кг 120 24
46881 Пельмени_фирменные_Цезарь_кг 411 50
46891 Яблоки_Грени_Смит_фас_кг 111 82
46906 Пицца_мясная_с_колбасой 243 17
46919 Молокосодержащий_продукт_с_заменителем_молочного_жира,_произведенный_по_технологии_сыра_Российский_оригинальный_1кг_... 337 26
46955 Морковь_мытая_кг 71 86
47023 Сосиски_Ладоград_Молочные_ГОСТ_1с_кг 536 18
47115 Балык_с/к_Рублёвский_Ломберный_в/с_кг_порц 1627 61
47137 Колбаса_в/к_Сервелат_Рублёвский_Гурман_в/с_Рублёвский_порц_1_кг 1222 42
47156 Пицца_"Венеция" 251 48
47169 Пицца_"Сицилия" 237 16
47189 Масляная_рыба_филе-кусок_х/к_цена_за_100г 125 50
47234 Сыр_Сваля_Тильзитер_1кг_Россия 923 13
47298 Колбаса_вареная_Велком_Докторская_кусок_из_охл_мяса_в_синюге_кг_в/у 786 94
47299 Колбаса_вареная_Велком_Докторская_б/о_из_охл.мяса_кг_в/у_батон 772 33
47327 Говядина_голяшка_без_кости_п/ф_охлажденный_кг 535 93
47345 Камбала_б/г_потр_500+_охл_кг 365 95
47454 Сосиски_Ладоград_Венские_в/с_в_каллогене_кг 576 50
47457 Сардельки_вареные_говяжьи_Ладоград_Сочные_кг 491 19
47459 Рулет_к/з_Ладоград_куриный_кг 686 42
47499 Свинина_карбонад_п/ф_охлажденный_кг 266 68
47557 Говядина_для_фарша_п/ф_охлажденный_СП_кг 415 64
47558 Говядина_духовая_без_кости_п/ф_охлажденный_СП_кг 679 36
47565 Цыпленок_охлажденный_Халяль_Приосколье_кг 195 99
47678 Рулет_праздничный_Мюнхенский_кг 222 17
47680 Печенье_Творожное 318 12
47745 Говядина_антрекот_поясничная_часть_без_кости_п/ф_охлажденный_СП_кг 622 86
47791 Свинина_рулька_в_маринаде_охлажденная_Мираторг_кг 285 19
47808 Цыпленок_1кат_охлажденный_ф/п_Троекурово_кг 173 52
47815 Крабовые_палочки_зам_кг 219 57
47835 Пицца_Традиционная 259 69
47872 Говядина_толстый_край_без_кости_п/ф_охлажденный_кг 561 63
47875 Свинина_окорок_на_кости_на_шкуре_п/ф_охлажденный_СП_кг 269 45
47876 Свинина_грудинка_на_кости_на_шкуре_п/ф_охлажденный_СП_кг 231 77
47877 Свинина_лопатка_на_кости_на_шкуре_п/ф_охлажденный_СП_кг 254 38
47990 Печень_говяжья_охлажденная_Самсон_кг 388 59
48004 Фарш_куриный_охлажденный_СП_кг 269 18
48013 Колбаса_с/к_Черкизовский_Бородинская_пресс_кг 783 95
48016 Креветки_королевские_Премиум_с/г_в/м_кг 408 45
48127 Креветки_с/г_в/м_120+_кг 535 93
48132 Креветки_тигровые_черные_б/г_с/м_21/25_кг 1335 81
48135 Креветки_королевские_очищенные_с_хвостом_б/г_в/м_кг 1123 11
48137 Кальмар_тушка_с/м_кг_Дальний_Восток 329 44
48138 Кальмар_филе_с/м_очищ_кг 548 94
48139 Морской_коктейль_зам_кг 308 87
48143 Мясо_мидий_в/м_кг 422 69
48149 Печень_свиная_охлажденная_Мираторг_кг 199 53
48152 Язык_свиной_охлажденный_в/у_Мираторг_кг 565 61
48169 Шеи_куриные_п/ф_охлажденный_кг 99 34
48274 Печень_куриная_охлажденная_Моссельпром_кг 181 88
48275 Плотва_с/г_непотр_сол/суш_цена_за_100г 50 15
48277 Вобла_с/г_непотр_сол/суш_цена_за_100г 73 63
48285 Красноперка_с/г_непотр_сол/суш_цена_за_100г 31 24
48286 Лещ_с/г_непотр_сол/суш_цена_за_100г 31 63
48287 Синец_с/г_непотр_сол/суш_цена_за_100г 50 85
48290 Кальмар_стружка_сол/суш_цена_за_100г 139 73
48291 Желтый_полосатик_с/г_непотр_сол/суш_цена_за_100г 151 41
48292 Рыбка_янтарная_филе_сол/суш_цена_за_100г 86 65
48293 Кальмар_кольца_копченые_цена_за_100г 140 87
48295 Анчоус_с/г_непотр_сол/суш_цена_за_100г 90 99
48426 Печень_куриная_п/ф_охлажденный_кг 215 60
48431 Сердце_куриное_п/ф_охлажденный_кг 338 97
48455 Пампушки_с_чесноком 105 45
48469 Сыр_Ичалки_Диетический_27%_1кг_Россия 751 82
48620 Оладьи_из_говяжьей_печени_жареные_100гр. 243 53
48761 Лепешка_с_сыром 270 60
48816 Тарань_соломка_сол/суш_цена_за_100г 86 18
48907 Колбаса_Брауншвейгская-Черкизовская_с/к 842 90
49080 Бедро_цыпленка_охлажденное_б/к_б/кожи_Роскар_кг 318 99
49083 Корюшка_дальневосточная_с/г_непотр_сол/суш_крупная_цена_за_100г 201 99
49084 Камбала_с/г_непотр_сол/суш_крупная_с_икрой_цена_за_100г 169 38
49085 Колбаса_вареная_Докторская_в/с_био_и/о_кг_Великолукский_МК_ГОСТ 163 61
49086 Колбаса_вареная_Великолукский_МК_Докторская_в/с_ГОСТ_кг_н/о 412 10
49087 Колбасавареная_Великолукский_МК_Телячья_в/с_ГОСТ_кг_н/о 376 37
49092 Колбаса_вареная_Великолукский_МК_Молочная_ГОСТ_1с_з/а_кг 375 49
49098 Колбаса_вареная_Великолукский_МК_Любительская_ГОСТ_в/с_и/о_кг 351 67
49103 Сардельки_Великолукский_МК_Говяжьи_ГОСТ_1с_черева_н/о_кг 422 89
49105 Сардельки_Великолукский_МК_Свиные_ГОСТ_1с_н/о_кг 396 29
49245 Окунь_б/г_потр_г/к_цена_за_100г 64 92
49252 Свинина_по_домашнему._запеченная_с_картофелем.100гр. 34 69
49327 Фарш_куриный_п/ф_охлажденный_СПкг 215 34
49374 Смесь_Мексиканская_заморож,_кг 125 33
49428 Колбаса_вареная_Клинский_МК_Докторская_в/с_кг_п/а 403 88
49538 Осетр_сибирский_с/г_1,5кг+_потр_охл_кг 1052 43
49625 Картофель"Пушкин".100гр. 14 80
49864 Свинина_окорок_в_маринаде_охлажденная_Мираторг_кг 458 21
49868 Свинина_шея_в_маринаде_охлажденная_Мираторг_кг 584 55
49901 Колбаса_с/к_Рублёвский_Пера_испанская_с_вином_кг 2414 77
49916 Колбаса_п/к_Царицыно_Мусульманская_кг 385 63
49921 Колбаса_п/к_Царицыно_Кавказская_кг 427 13
49925 Буженина_Иней_Праздничная_в/у_кг_порц 955 85
50102 Сердце_говяжье_замороженное_в/у_Максума_кг 311 50
50105 Сердце_свиное_замороженное_в/у_Максума_кг 273 13
50142 Говядина_духовая_тазобедренная_часть_без_кости_п/ф_охлажденный_кг 676 79
50230 Ребрышки_свиные_с_корейки_замороженные_в/у_Максума_кг 337 64
50268 Судак_жареный._в_льезоне.100гр. 63 26
50494 Фарш_свиной_мясной_п/ф_охлажденный_СП_кг 293 37
50498 Фарш_"Домашний"_мясной_п/ф_охлажденный_СП_кг 360 29
50500 Фарш_говяжий_мясной_п/ф_охлажденный_СП_кг 375 66
50566 Свинина_лопатка_на_кости_п/ф_охлажденный_СП_кг 295 31
50743 Шпик_Микоян_По-Домашнему_кг 788 70
50810 Ассорти_из_мясных_колбасок_охлажденное_Самсон_кг 638 26
50860 Карпаччо_Рублёвский_из_мяса_птицы_кг 921 41
50861 Колбаса_вареная_Докторская_Рублевская_в/с_б/о_р/в_порц_Рублёвский_1кг 855 37
50868 Вареники_с_картофелем_и_грибами_Снежная_страна,_кг 209 18
50869 Колбаса_с/к_Пера_Лионская_Свиная_с/к_в/с_Рублевский_1кг 1988 27
50891 Ребрышки_свиные_деликатесные_охлажденные_Мираторг_кг 488 81
50953 Пирожное_"Берлинское" 267 33
51273 Колбаса_вареная_Докторская_в/с_в_б/о_в/у_БГ_кг 656 69
51279 Колбаса_п/к_Ближние_горки_Одесская_кг 845 26
51281 Колбаса_с/к_Брауншвейгская_в/с_ГОСТ_БГ_кг 1554 19
51286 Сосиски_Ближние_горки_Молочные_кг 666 91
51295 Колбаски_п/к_Ближние_горки_Охотничьи_кг 1019 61
51297 Ветчина_Окраина_кг_синюга_в/у 738 64
51298 Колбаса_вареная_Окраина_Докторская_ГОСТ_ц/о_кг 650 67
51302 Сардельки_свиные_Окраина_кг_н/о_з/а 609 13
51316 Баринок_в/к_Рублёвский_Боровицкий_в/с_кг 1288 58
51317 Ребра_свиные_в/к_Рублёвский_кг 517 13
51402 Треска_Borealis_б/г_с/м_д/пак_кг 543 11
51480 Колбаса_с/к_Микоян_Кремлевская_кг 809 57
51484 Колбаса_с/к_Еврейская_Микоян._кг 1321 52
51493 Колбаса_с/в_Австрийская_в/с_Микоян._кг 1372 65
51553 Шашлык_куриный_"Нежный"._жареный.100гр. 212 79
51560 Окорок_La_Felinese_Мек_с/в_б/к_кг 2369 90
51601 Скумбрия_б/г_потр_г/к_цена_за_100г 72 62
51604 Кета_кусок_г/к_цена_за_100г 56 61
51620 Лук_репчатый_кг 41 11
51622 Лук_репчатый_красный_кг 78 100
51627 Чеснок_кг 139 97
51628 Лук_порей_кг 351 22
51636 Ножки_свиные_замороженные_в/у_Максума_кг 134 25
51700 Колбаса_вареная_МД_Бородина_Докторская_в/с_кг_в_синюге_в/у 757 10
51703 Колбаса_вареная_МД_Бородина_Телячья_в/с_кг_в_синюге_в/у 930 67
51705 Колбаски_п/к_МД_Бородина_Охотничьи_кг 1057 23
51744 Колбаса_в/к_Сервелат_Швейцарский_БГ_кг 845 38
51745 Колбаса_в/к_Ближние_горки_Сервелат_Зернистый_кг 830 47
51857 Судак_филе_н/ш_с/м_кг 547 15
51887 Колбаса_в/к_Микоян_Сервелат_Кремлевский_в/с_кг 1038 41
51891 Килька_с/г_непотр_с/с_цена_за_100г 27 52
51892 Креветки_аргентинские_с/м_б/г_кг 1146 82
51908 Сосиски_Клинский_МК_Молочные_кг 581 53
51973 Говядина_ростбиф_для_запекания_охлажденный_Самсон_кг 1025 79
51992 Баклажаны_кг 280 83
51993 Томаты_сливовидные_кг 232 84
51999 Томаты_на_ветке_кг 170 15
52000 Перец_красный_кг 264 78
52001 Перец_желтый_кг 323 11
52008 Корень_сельдерея_кг 196 79
52026 Груша_Вильямс_кг 92 100
52031 Лимоны_кг 97 90
52032 Мандарины_кг_фас 122 85
52033 Грейпфруты_кг 100 58
52040 Гранат_кг 248 81
52041 Бананы_кг 60 44
52045 Лайм_кг 215 87
52054 Сыр_Margot_Свисстелер_легкий_20%_1кг_Швейцария 1969 45
52081 Шпик_Соленый_в/у_кг 601 64
52110 Виноград_черный_кг 195 58
52111 Виноград_красный_с/к_кг 316 10
52112 Огурцы_соленые_100г 200 40
52118 Огурцы_малосольные_100г 454 19
52123 Перец_острый_соленый_100г 295 98
52124 Черемша_соленая_100г 362 78
52127 Апельсины_отборные_фас_кг 90 65
52133 Кабачки_цукини_кг 205 39
52148 Хлеб_"С_сыром_и_ветчиной" 164 50
52175 Бедро_цыпленка_п/ф_охлажденный_кг 184 25
52192 Желудки_куриные_п/ф_охлажденный_кг 164 60
52194 Крыло_цыпленка_п/ф_охлажденный_кг 183 39
52328 Перец_зеленый_кг 368 31
52329 Опята_заморож_кг 247 12
52332 Свекла_кг 17 94
52362 Цыплёнок_охлажденный_ф/п_Мираторг_кг 203 62
52393 Икра_лососевая_зернистая_Нерка_(Путина_2018)_цена_за_100г 467 65
52407 Икра_лососевая_зернистая_Горбуша_(Путина_2018)_цена_за_100г 249 19
52410 Яблоки_Симиренко_фас_кг 107 79
52418 Пирог_с_зеленым_луком_и_яйцом 297 12
52488 Маслята_маринованные_100г 676 50
52509 Огурцы_короткоплодные_тепличные_кг 217 29
52593 Яблоки_Гала_фас_кг 116 41
52611 Чиз-кейк_с_фруктами 403 33
52657 Сельдь_с/г_непотр_х/к_350+_цена_за_100г 22 69
52690 Карась_соломка_сол/суш_цена_за_100г 106 89
52854 Зубатка_пестрая_б/г_потр_охл_кг 398 37
52859 Легкое_говяжье_замороженное_кг 125 100
52874 Сардельки_Дымов_Телячьи_кг_з/атм 548 40
52960 Слива_круглая_желтая_кг 256 31
52987 Камбала_б/г_потр_охл_до_500г_кг 319 22
52995 Томаты_розовые_кг 301 56
52999 Голень_индейки_на_кости_п/ф_охлажденный_кг 163 37
53067 Капуста_квашеная_с_морковью_и_хреном_100г 120 89
53092 Лист_виноградный_соленый_100г 343 94
53098 Грибы_опята_маринованные_100г 728 58
53124 Котлеты_Морозко_домашние_кг 184 58
53173 Форель_янтарная_с/г_потр_охл_кг 526 64
53224 Колбаса_в/к_Сервелат_Зернистый_Стародворские_колбасы._кг 270 75
53225 Колбаса_в/к_Сервелат_Кремлевский_Стародворские_колбасы._кг 462 78
53338 Колбаса_в/к_Останкино_Сервелат_Финский_кг 547 76
53363 Тыква_вытянутая_кг 51 26
53423 Филе_индейки_большое_охлажденное_Краснобор_кг 506 72
53426 Филе_грудки_индейки_малое_охлажденное_Краснобор_кг 527 47
53909 Яблоки_Лиголь_кг 115 90
53911 Форель_спинка_х/к_цена_за_100г 1839 26
53959 Колбаса_с/к_Салями_Останкино_мелкозернёная_кг 863 69
54072 Картофель_жареный_с_чесноком_и_розмарином.100гр. 141 39
54192 Ветчина_для_завтрака_МД_Бородина_срез_кг_б/о_в/у 675 26
54193 Колбаса_в/к_МД_Бородина_Московская_кг_в/y 1107 51
54278 Колбаса_с/к_п/сух_Салями_Зернистая_Окраина 1437 92
54323 Цыпленок_1кат_охлажденный_Куриное_Царство_кг 181 30
54324 Филе_цыпленка_охлажденное_Куриное_Царство_кг 305 53
54475 Сом_палочки_сол/суш_цена_за_100г 132 98
54483 Печенье_слоеное 179 49
54528 Бедро_цыпленка_охлажденное_Северная_ПФ_кг 206 77
54535 Голень_цыпленка_охлажденная_Северная_ПФ_кг 249 93
54536 Грудка_цыпленка_охлажденная_Северная_ПФ_кг 247 67
54539 Крыло_цыпленка_охлажденное_Северная_ПФ_кг 176 69
54540 Окорок_цыпленка_охлажденный_ПФ_Северная_кг 214 97
54542 Филе_цыпленка_охлажденное_Северная_ПФ_кг 337 80
54627 Пелядь_вяленая_цена_за_100г 834 71
54642 Акула_стейк_с/м_кг 204 72
54766 Скумбрия_кусочки_с/с_с_пряностями_цена_за_100г 83 65
54779 Бедро_цыпленка_охлажденное_Куромяки_кг 255 85
54780 Голень_цыпленка_охлажденная_Куромяки_кг 325 78
54786 Филе_цыпленка_охлажденное_Куромяки_кг 392 57
54954 Колбаса_вареная_Черкизовский_Докторская-Губернская_нмо_в_сетке_кг 226 15
55111 Ветчина_Велком_из_окорока_н/о_в/у_кг 799 63
55113 Рулька_свиная_Велком_б/к_в/к_в/у_кг 744 50
55136 Зельц_Ладоград_Особый_кг 647 49
55172 Колбаса_вареная_Стародворские_колбасы_Русская_кг 355 98
55173 Колбаса_вареная_Классическая_Вязанка_р/в_Стародворские_колбасы_кг 437 77
55174 Колбаса_вареная_Молочная_р/в_Стародсворские_колбасы._кг 417 85
55179 Ветчина_Столичная_Стародворские_колбасы,_кг 499 23
55239 Филе_грудки_индейки_охлажденное_ГВУ_Индилайт_кг 476 41
55274 Колбаса_с/к_Малаховский_Посольская_кг 811 77
55280 Печенье_Американское_с_шоколадом 324 96
55283 Печенье_Американское_с_цукатами 282 12
55315 Колбаса_в/к_МД_Бородина_Салями_Элитная_кг_в/у 873 85
55316 Колбаса_в/к_МД_Бородина_Сервелат_кг_в/у 972 87
55438 Рулет_крабовое_мясо_г/к_цена_за_100г 44 42
55482 Печенье_песочное_Курабье 244 28
55560 Сыр_Луговая_свежесть_Сулугуни_45%_1кг_Россия 639 41
55704 Булочка_с_корицей 162 70
55705 Плюшка_Московская 134 71
55770 Колбаса_с/к_Малаховский_Престижная_в_обсыпке_кг 1296 10
55870 Форель_филе-ломтики_с/с_цена_за_100г 207 41
55938 Филе_цыпленка_охлажденное_по-деревенски_Петелинка_кг 343 47
55957 Семга_теша_с/с_цена_за_100г 65 46
56042 Цыпленок_табака_охлажденный_Рококо_кг 211 70
56354 Форель_радужная_потр_с/г_г/к_А'море_1000г_в/у 1292 32
56358 Сыр_плавленый_Порховский_МЗ_Отборный_40%_1кг_фас_Россия 470 77
56360 Сыр_плавленый_Аланталь_копченый_серпянка_40%_1кг_фас_Россия 515 45
56361 Форель_потр_б/г_г/к_цена_за_100г 130 96
56698 Апельсины_Пралине_фас_кг 205 77
56780 Мойва_с/г_непотр_х/к_цена_за_100г 24 89
56817 Стейк_из_свиной_шеи_в_можжевеловом_маринаде.П/Ф.100гр. 405 12
56900 Колбаса_Салями_Парма_в_сыре_со_специями_с/к_._кг_Малаховский 1345 59
57068 Ребрышки_свиные_Барбекю_охлажденные_Мираторг_кг 607 98
57095 Продукт_плавленый_с_сыром_Деревенский_с_ароматом_копчения_40%_1кг_Россия 113 86
57100 Говядина_лопатка_без_кости_п/ф_охлажденный_кг 491 19
57146 Сельдь_филе-ломтики_с/с_в_масле_цена_за_100г 42 86
57175 Колбаса_в/к_Окраина_Московская_кг 1131 24
57260 Салака_с/г_непотр_г/к_цена_за_100г 28 38
57341 Колбаса_в/к_Ремит_Сервелат_в/с_кг_в/у 868 72
57344 Колбаса_в/к_Ремит_Сервелат_Австрийский_кг_в/у 613 69
57347 Колбаса_Ремит_Докторская_в/с_кг_б/о_в/у 629 40
57348 Колбаса_Ремит_Докторская_в/с_кг_синюга_в/у_порц 540 83
57354 Балык_с/к_Ремит_Дарницкий_кг_в/у_кр/кусок 1060 91
57355 Карбонад_в/к_Ремит_кг_в/у_кр/кусок 871 46
57359 Рулька_в/к_Ремит_кг_в/у 561 87
57388 Голяшка_свиная_Рублевский_запеченая_кг 970 53
57428 Кальмар_сол/суш_со_вкусом_мяса_краба_цена_за_100г 151 70
57430 Щука_с/г_непотр_сол/суш_цена_за_100г 64 41
57487 Картофель_ранний_импорт_кг 82 14
57513 Ребрышки_свиные_с_корейки_охлажденные_Самсон_кг 496 81
57712 Окорок_Simonini_Мек_с/в_кг_кр/кусок 2465 66
57772 Лосось_стейк_п/ф_охл._из_зам.сырья_кг 819 13
57773 Лосось_суповой_набор_п/ф_охл._из_зам.сырья_кг 270 33
57813 Сыр_Dolce_Parmesan_твердый_40%_1кг_фас_Уругвай 1224 93
57826 Сыр_Margot_Вайзенкейзе_легкий_20%_1кг_Швейцария 2065 14
57836 Сыр_Margot_Швейцарские_Альпы_твердый_в_травах_45%_1кг_Швейцария 3511 83
57926 Форель_филе-кусок_х/к_Своя_Рыбка_1000г_в/у 1885 68
57930 Форель_филе-пласт_с/с_А'море_1000г_в/у 1865 60
57973 Ребра_свиные_в/к_Великолукский_МК_мини_кг 284 27
57978 Сыр_Cheese_Lovers_Песто_красный_50%_кг_Россия 757 97
57992 Сыр_Эмментальский_49%_1кг_Швейцария 1880 66
58167 Фарш_"Любительский"_мясной_п/ф_охлажденный_СП_кг 290 11
58170 Фарш_по-домашнему_мясной_п/ф_охлажденный_СП_кг 314 69
58475 Говядина_мраморная_ростбиф_б/к_охлажденная_Блэк_Ангус_Мираторг_кг 1024 92
58512 Форель_потр_б/г_х/к_А'море_1000г_в/у 1850 100
58513 Форель_потр_б/г_х/к_цена_за_100г 184 87
58517 Сыр_Cheese_Lovers_Песто_зеленый_50%_1кг_Россия 762 10
58583 Сыр_Terra_del_Gusto_Парреджано_40%_фасовка_1кг_Россия 1512 53
58585 Колбаса_Останкино_Пресижн_в_декоративных_специях_кг 933 27
58752 Сардельки_Окраина_Докторские_кг 603 11
58830 Сыр_Calcar_Пармезано_41%_1кг_Уругвай 1454 98
58833 Колбаса_Ремит_Абриколетте_с/к_кг 1182 79
58835 Колбаса_в/к_Ремит_Сервелат_Мускатный_кг_в/у 1089 34
58840 Колбаса_вареная_Ремит_Докторская_в/с_синюга_в/у_кг 456 11
58850 Язык_говяжий_охлажденный_Самсон_кг 945 23
58868 Сырок_с/г_непотр_вял_цена_за_100г 930 35
59239 Корм_д/кошек_Friskies_говядина_и_печень_с_овощами_сухой_400г 77 19
59429 Дрожжи_Саф-Момент_11г 15 54
59432 Дезодорант-антиперспирант_Rexona_с_экстрактом_Алое_Вера_ролик_50мл 132 82
59541 Корм_д/кошек_Friskies_мясо/курица/овощи_2кг 295 99
59713 Вода_минеральная_Vittel_н/газ_природ_стол_0.5л_пэт 88 23
59714 Вода_минеральная_Vittel_н/газ_природ_стол_0.33л_пэт 74 91
59847 Cменные_кассеты_д/бритья_Slalom_со_смазывающей_полоской_5шт 442 58
59850 Дезодорант_Gillette_Arctic_Ice_гель_70мл 287 66
59852 Пена_д/бритья_Gillette_Питаю./тониз._Series_250мл 131 92
59933 Зубная_щетка_Oral-B_Натуральная_свежесть_40_средняя_жесткость_1+1_PROMO 86 23
59935 Зубная_щетка_Pro-Expert_Clinic_Line_Pro-Flex_средняя_жесткость 120 73
59952 Зубная_щетка_ORAL_B_ProExpert_Complete_7_40_средней_жесткости_1шт_+_1шт_беSplatно_PROMO 234 21
59987 Шоколад_темный_Lindt_Excellence_клубника_100г 213 53
59994 Шоколад_горький_Lindt_Excellence_70%_какао_100г 101 47
59995 Шоколад_темный_Lindt_Excellence_апельсин_100г 102 43
59996 Шоколад_темный_Lindt_Excellence_мята_100г 101 30
60172 Освежитель_воздуха_Air_Wick_аэрозольный_Магнолия_и_цветущая_вишня_240мл 110 18
60178 Освежитель_воздуха_Air_Wick_аэрозольный_Апельсин_и_бергамот_Анти-табак_240мл 111 60
60202 Фасоль_белая_Бондюэль_400г_ж/б 89 30
60204 Кукуруза_сладкая_Bonduelle_340г_ж/б 94 10
60211 Кукуруза_сладкая_Bonduelle_170г_ж/б 56 57
60214 Горошек_зеленый_Bonduelle_400г_ж/б 88 92
60217 Горошек_зеленый_с_морковью_в_кубиках_конс_Бондюэль_400г_ж/б 65 91
60218 Фасоль_красная_в_соусе_Чили_Бондюэль_430г_ж/б 105 94
60219 Смесь_овощная_Мексиканская_конс_Бондюэль_425мл_ж/б 96 51
60332 Станок_д/бритья_BIC_Flex_3_Hybrid_+_4_картриджа_блистер 400 100
60348 Ручка_round_stic_exact_синяя_6+2шт 163 84
60351 Карандаши_цветные_Bic_kids_evolution_18+6цв 411 34
60353 Мелки_цветные_Bic_kids_plastidecor_triangle_12цв 329 20
60355 Карандаши_цветные_Bic_kids_evolution_triangle_12цв 358 58
60361 Ручка_корректирующая_tipp-ex_shake'n_squeeze_8мл 180 65
60362 Жидкость_корректирующая_Bic_Rapid 133 53
60365 Станок_д/бритья_BIC_Metal_10шт 148 59
60368 Доска_для_рисования_Bic_kids_velleda 297 17
60369 Бритвенный_станок_BIC_3_Sens_4шт 193 46
60371 Ластики_Bic_mini_fun_3шт 132 63
60383 Сироп_кленовый_189мл 609 11
60461 Вода_минеральная_Evian_н/газ_природ_стол_0.33л_пэт 91 19
60521 Эпилятор_ROWENTA_EP1030F5 2361 72
60576 Горошек_зеленый_Bonduelle_200г_ж/б 41 23
60581 Ручка_4_colors_original 147 36
60585 Ручка_cristal_original_синяя_4шт 132 57
60586 Ручка_orange_original_синяя_4шт 132 50
60587 Ручка_orange_original_ассорти_4шт 147 61
60600 Ручка_orange_grip_синяя_4шт 180 80
60636 Прищепки_Rozenbal_деревянные_24шт 94 25
60641 Набор_прищепок_Rozenbal_большие_10шт 90 87
60645 Веревка_д/белья_Rozenbal_пластик_20м 132 54
60711 Насадка_д/швабры_Rozenbal_из_микрофибры 183 32
60745 Дрель_шуруповерт_в_кейсе_2_аккумулятора_PSR_1200 6083 87
60750 Вода_минеральная_Perrier_природ_сред/газ_1л_ПЭТ 150 73
60832 Вода_минеральная_Perrier_природ_газ_0,33л_ст/б 111 83
60899 Тряпка_д/мытья_пола_Rozenbal_хлопок_80х50см 155 25
60908 Щетка_стеклоочистителя_каркасная_Bosch_eco_40c_400мм 184 73
60912 Щетка_стеклоочистителя_каркасная_Bosch_eco_45c_450мм 182 74
60914 Щетка_стеклоочистителя_каркасная_Bosch_eco_60c_600мм 230 14
60915 Щетка_стеклоочистителя_каркасная_Bosch_eco_50c_500мм 187 90
60916 Щетка_стеклоочистителя_каркасная_Bosch_eco_48c_475мм 187 97
60917 Щетка_стеклоочистителя_каркасная_Bosch_eco_55c_550мм 230 34
60970 Масло_моторное_автомобильное_Elf_Competition_STI_(Evo.700STI)_10W-40_4л 996 16
60975 Карандаши_evolution_без_ластика_4шт 60 65
60986 Фломастеры_Bic_kid_couleur_12цв 253 32
61033 Фломастеры_Bic_kids_visa_18цв 388 28
61035 Карандаши_цветные_Bic_kids_evolution_12цв 272 57
61036 Карандаши_цветные_Bic_kids_tropiculer2_12цв 187 64
61048 Фломастеры_цветные_кид_кулер_уп24_841800 600 19
61050 Карандаши_evolution_stripes_с_ластиком_3шт 101 74
61160 Корзинка_Curver_My_style_A5_кремовая 217 43
61172 Контейнер_д/СВЧ_CURVER_500мл_круг. 67 86
61178 Корзина_д/белья_Curver_Deco_Natural_40л_44,7x26,5x61,5см 1595 37
61180 Корзина_д/белья_Curver_Victor_40л 1020 93
61205 Ящик_д/хранения_Curver_Textilebox_5,7л 330 61
61212 Коробка_д/хранения_Curver_My_style_S_255x196_x103мм 251 80
61233 Сливки_President_натуральные_взбитые_20%_спрей_250г 259 66
61236 Сыр_President_Мааздам_40%_ломтик_150г_Россия 93 87
61238 Сыр_President_сливочный_ломтик_150г_Россия 92 82
61244 Сыр_плавленый_President_8_сырков_сливочный_140г_Россия 79 30
61274 Корзина_Curver_Rattan_Style_Box_S 407 97
61275 Корзина_Curver_Rattan_Style_Box_M 750 94
61653 Масло_моторное_автомобильное_синтетическое_Total_Quartz_9000_5W-40_4л 1828 67
61655 Масло_моторное_автомобильное_полусинтетическое_Total_Quartz_Future_9000_5W-30_4л 1991 86
61657 Масло_моторное_автомобильное_полусинтетическое_Total_Quartz_Future_9000_5W-30_1л 513 76
61865 Джем_St.Dalfour_инжир_без_сахара_284г 271 88
61922 Джем_St.Dalfour_малина_без_сахара_284г 271 68
61937 Ручка_шариковая_inkjoy_100_с_колпачком_треугольный_корпус_синяя_0,5мм 42 51
61967 Белье_белее_белого_Frau_Schmidt_д/нижнего_белья_8_табл_160г 234 16
61970 Антинакипь_Frau_Schmidt_для_чайников_и_кофеварок_10таб 226 44
62373 Краска_д/волос_Excellence_тон6.46_благородный_красный 315 37
62421 Краска_д/волос_Casting_Creme_Gloss_200_Черное_дерево 388 26
62422 Краска_д/волос_Casting_Creme_Gloss_400_Каштан 383 10
62430 Краска_д/волос_Casting_Creme_Gloss_600_Темно-русый 387 56
62431 Краска_д/волос_Casting_Creme_Gloss_415_Морозный_каштан 385 55
62437 Краска_д/волос_Casting_Creme_Gloss_724_Карамель 379 37
62439 Краска_д/волос_Casting_Creme_Gloss_810_Перламутровый_русый 380 19
62452 Краска_д/волос_Casting_Creme_Gloss_515_Морозный_шоколад 382 52
62799 Краска_д/волос_Casting_Creme_Gloss_412_Какао_со_льдом 382 43
62800 Краска_д/волос_Casting_Creme_Gloss_513_Мороз_капуччино 390 23
62807 Тоник_L'OREAL_Трио_Актив_д/сухой_и_чувствительной_кожи,_200мл 251 85
62822 Шампунь_Elseve_Полное_восстановление_5_250мл 182 25
62823 Шампунь_Elseve_Полное_восстановление_400мл 285 68
62824 Бальзам-ополаскиватель_Elseve_Полное_восстановление_5_200мл 183 19
62833 Маска_Elseve_Полное_восстановление_5_300мл 402 74
62839 Краска_д/волос_Casting_Creme_Gloss_1013_Светло-светло_русый_бежевый 386 62
62845 Краска_д/волос_Casting_Creme_Gloss_1010_Светло-светло_русый_пепельный 381 43
62933 Лосьон_п/бритья_Men_Expert_Гидра_сенситив_100мл 482 100
63046 Краска_д/волос_Casting_Creme_Gloss_7.304_Пряная_корица 387 32
63070 Шампунь_Elseve_Сила_аргинина_Light_400мл 280 28
63138 Шампунь_Elseve_Сила_аргинина_укрепляющий_400мл 287 42
63143 Шампунь_Elseve_Сила_аргинина_укрепляющий_250мл 183 80
63146 Шампунь_Elseve_Фибрология_400мл 282 10
63160 Краска_д/волос_Excellence_Blond_Legend_8.12_Мистически 353 68
63167 Краска_д/волос_Excellence_Blond_Legend_9.32_Сенсационный_блонд 349 86
63173 Краска_д/волос_L'oreal_Preference_5.21_Нотр-Дам 442 29
63179 Краска_д/волос_L'oreal_Preference_4.12_Монмартр 443 35
63180 Краска_д/волос_L'oreal_Preference_3.12_Мулен_Руж 443 36
63183 Вода_мицеллярная_L'oreal_д/нормальной_и_смешанной_кожи_200мл 170 80
63207 Краска_д/волос_Casting_Creme_Gloss_603_Молочный_шоколад 384 52
63253 Крем-маска_д/лица_L'oreal_Revitalift_Лазер_ночной_50мл 864 35
63269 Краска_д/волос_Prodigy_Платина 365 42
63272 Краска_д/волос_Prodigy_9.0_Слоновая_кость 491 11
63273 Краска_д/волос_Prodigy_9.10_Белое_золото 360 26
63275 Краска_д/волос_Prodigy_8.0_Белый_песок 367 33
63276 Краска_д/волос_Prodigy_7.4_Огненный_агат 365 19
63277 Краска_д/волос_Prodigy_7.31_Карамель 365 29
63281 Краска_д/волос_Prodigy_6.32_Орех 360 91
63288 Краска_д/волос_Prodigy_6.0_Дуб 365 100
63293 Краска_д/волос_Prodigy_5.35_Шоколад 364 99
63295 Краска_д/волос_Prodigy_4.0_Темный_орех 367 20
63297 Краска_д/волос_Prodigy_3.0_Темный_шоколад 369 53
63298 Краска_д/волос_Prodigy_4.15_Морозный_каштан 363 28
63299 Краска_д/волос_Prodigy_1.0_Обсидиан 369 68
63435 Масло_д/волос_Elseve_универсальное_100мл 441 49
63486 Бальзам_Elseve_Полное_восстановление_секущихся_кончиков_200мл 181 91
63502 Шампунь_Elseve_Полное_восстановление_секущихся_кончиков_400мл 284 42
63948 Дезодорант_Garnier_Активный_контроль_спрей_150мл 141 98
64064 Дезодорант_мужской_Garnier_Экстрим_ролик_50мл 193 72
64128 Дезодорант_Garnier_Ледяная_свежесть_невидимый_спрей_150мл 156 75
64133 Дезодорант_женский_Garnier_Невидимый_против_влажности_спрей_150мл 140 89
64218 Крем-краска_Color_Naturals_4.15_Морозный_каштан 150 13
64222 Крем_д/лица_Garnier_Секрет_совершенства_BВ_матирующий_светло-бежевый_50мл 341 86
64223 Крем_д/лица_Garnier_Секрет_совершенства_BВ_матирующий_натурально-бежевый_50мл 347 34
64231 Краска_д/волос_Color_Sensation_1.0_Черный_агат 185 26
64234 Краска_д/волос_Color_Sensation_3.0_Роскошный_каштан 185 42
64237 Краска_д/волос_Color_Sensation_4.15_Благородный_опал 185 59
64247 Краска_д/волос_Color_Sensation_5.62_Царский_гранат 187 69
64249 Краска_д/волос_Color_Sensation_6.0_Роскошно_тёмно-русый 185 43
64312 Краска_д/волос_Color_Sensation_9.13_Кристальный_блонд 185 26
64313 Краска_д/волос_Color_Sensation_8.0_Пепельно-светло_русый 188 72
64318 Краска_д/волос_Color_Sensation_110_Ультра_блонд_чистый 184 29
64323 Краска_д/волос_Color_Sensation_111_Ультра_платина 189 12
64337 Дезодорант_ролик_Garnier_мужской_невидимый_50мл 191 60
64345 Крем_д/лица_Garnier_Секрет_совершенства_матирующий_д/жирной_и_смешанной_кожи_натурально-бежевый_40мл 344 43
64346 Крем_д/лица_Garnier_Секрет_совершенства_матирующий_д/жирной_и_смешанной_кожи_светло-бежевый_40мл 348 39
64361 Краска_д/волос_Color_Sensation_5.35_Пряный_шоколад 188 75
64363 Масло_д/волос_Fructis_Эликсир_преображения_150мл 233 96
64488 Крем_д/рук_GARNIER_восстанавливающий,_100мл 220 39
64547 Тоник_Garnier_успокаивающий_д/сухой_и_чувствительной_кожи_200мл 209 87
64562 АС_Масло_д/загара_Кокос_200мл 370 20
64577 Крем-краска_д/волос_Color_Naturals_7.40_Золотистый_медный 151 98
64602 Дезодорант_женский_Garnier_Невидимый_спрей_150мл 157 35
64613 Дезодорант_Garnier_Нео_Фруктовый_всплеск_крем_40мл 201 93
64620 Дезодорант_Garnier_Нео_Нежность_хлопка_крем_40мл 204 16
64646 Крем_д/лица_Garnier_Клетки_молодости_дневной_Сияние_молодости_25+_50мл 235 36
64647 Крем_д/лица_Garnier_Клетки_молодости_ночной_Сияние_молодости_25+_50мл 231 94
64649 Крем_д/лица_Garnier_Клетки_молодости_дневной_Защита_от_морщин_35+_50мл 229 47
64650 Крем_д/лица_Garnier_Клетки_молодости_ночной_Защита_от_морщин_35+_50мл 230 36
64652 Крем_д/лица_Garnier_Клетки_молодости_ночной_Активный_лифтинг_45+_50мл 233 84
64653 Крем_д/лица_Garnier_Клетки_молодости_дневной_Активный_лифтинг_45+_50мл 230 78
64658 Крем_д/лица_Garnier_Клетки_молодости_дневной_Интенсивное_омоложение_55+_50мл 232 68
64663 Крем_д/лица_Garnier_Клетки_молодости_ночной_Интенсивное_омоложение_55+_50мл 235 53
64667 Краска_д/волос_Color_Sensation_7.12_Жемчужно-пепельный_блонд 189 19
64670 Краска_д/волос_Color_Sensation_10.21_Перламутровый_шелк 188 90
64673 Вода_мицеллярная_Garnier_3в1_д/чувствительной_кожи_400мл 276 70
64679 Крем_д/лица_Garnier_Чистая_Кожа_Актив_ВВ_матирующий_светло-бежевый_50мл 324 83
64681 Скраб_д/тела_Garnier_Драгоценный_200мл 390 29
64682 Молочко_д/тела_Garnier_Драгоценное_250мл 356 42
64686 Шампунь_Fructis_Густые_и_роскошные_400мл 132 69
64687 Бальзам_д/волос_Fructis_Густые_и_роскошные_200мл 155 32
64732 Дезодорант-спрей_жен_Adidas_Action_3_6_в_1_150мл 242 14
65040 Дезодорант_спрей_жен_Adidas_Cool&Dry_get_ready!_150мл 241 18
65477 Вода_питьевая_Svetla_н/газ_стол_1.5л_пэт 130 27
65484 Каша_пшеничная_молочная_Bebi_печенье/груша_с_6мес_200г 152 37
65491 Мыло_FA_д/чувствительной_кожи_90г 55 57
65530 Крем-краска_стойкая_Palette_N2_темно-каштановый 147 92
65659 Ароматизатор_воздуха_AREON_"Lux"_/704-411-SL1/_Sport_gold 83 63
65660 Ароматизатор_воздуха_AREON_"Lux"_/704-411-SL2/_Sport_silver 83 68
65661 Ароматизатор_воздуха_AREON_"Lux"_/704-411-SL3/_Sport_platinum 82 80
65730 Зубная_щетка_GSK_Aquafresh_Between_Teeth 136 53
65752 Паштет_куриный_Argeta_Junior_95г_ж/б 90 34
65755 Паштет_Argeta_из_куриной_печени_95г_ж/б 89 97
65756 Паштет_из_тунца_Аргета_95г_ж/б 129 35
65757 Суп_Podravka_куриный_с_вермишелью_62г 33 31
65760 Приправа_Vegeta_500г 345 86
65761 Суп_Подравка_алфавит_52г 34 92
65763 Суп-пюре_Podravka_с_белыми_грибами_48г 52 49
65784 Крем-мыло_Жидк_DOVE_250мл 252 19
65786 Шоколад_молочный_Ritter_Sport_с_ямайским_ромом,_изюмом_и_орехом_лещины_100г 113 64
65819 Заменитель_сахара_Хуксол_650_таблеток 92 46
65857 Крем_д/рук_Kamill_Intensiv_Plus_50мл 130 76
65861 Крем_д/рук_и_ногтей_Kamill_д/нормальной_кожи_100мл 160 78
65952 Средство_д/стирки_Frosch_жидкое_Алоэ_Вера_2л 746 69
65966 Стиральный_порошок_Frosch_Color_концентрированный_1,35кг 568 74
65968 Камень_дезодорирующий_д/унитазаTuba_Ratz_Fatz_грейпфрут_с_гелем_50г 188 49
65998 Жев_мармелад_Haribo_Fruity-Bussi_100г 87 47
66056 Ароматизатор_Dr.Oetker_сливочная_ваниль_4х2мл 94 53
66062 Шоколад_молочный_Alpine_Milk_with_Hazelnuts_100г_Schogetten 118 49
66097 Чистящая_пена_д/мягкой_мебели_Tuba300мл 239 35
66177 Сахар_тростниковый_Milford_кусковой_чайный_500г 273 90
66182 Соус_Долмио_с_грибами_500г 142 91
66185 Соус_Dolmio_острый_500г 141 40
66253 Батончик_Zentis_марципановая_буханка_100г 109 95
66256 Набор_конфет_Zentis_Marzipan_Kartoffeln_250г 350 12
66281 Пицца_Ristorante_четыре_сыра_340г 307 51
66291 Пицца_Ristorante_пепперони-салями_320г 303 70
66355 Сыр_плавленый_Hochland_ветчина_55%_140г_круг_Россия 75 10
66358 Сыр_плавленый_Hochland_Сэндвич_ломтик_150г_Россия 78 88
66360 Сыр_плавленый_Hochland_Чизбургер_ломтик_150г_Россия 74 54
66421 Средство_д/стеклокерамических_поверхностей_Frau_Gretta_250мл 183 77
66435 Макароны_3Glocken_Звездочки_250г 95 31
66438 Макароны_3Glocken_DMI_Алфавит_250г 97 32
66443 Макароны_3Glocken_DMI_Зите_спагетти_500г 165 29
66447 Макароны_3Glocken_GP_лапша_мелкая_500г 206 80
66449 Макароны_3Glocken_GP_клецки_500г 191 37
66450 Макароны_3Glocken_гнезда_500г 221 60
66560 Крем_Nivea_Visage_ночной_восстанавливающий_50мл 217 86
66561 Гель_д/душа_Nivea_Свежесть_лемонграсса_250мл 166 26
66586 Сливки_Альпенгурт_порционные_10%_10*10г 41 86
66598 Прокладки_д/кормящих_матерей_Sanosan_30шт 340 98
66608 Средство_д/купания_и_шампунь_Sanosan_Bad_&_Shampoo_500мл 453 57
66620 Ежедневный_очищающий_гель-скраб_Nivea_против_несовершенств 290 40
66628 Крем_Nivea_Visage_дневной_увлажняющий_д/жирной_кожи_50мл 215 91
66629 Матирующий_гель_д/умывания_Nivea_д/жирной_кожи 189 90
66630 Крем_Nivea_Visage_дневной_увлажняющий_д/сухой_и_чувствительной_кожи_50мл 218 51
66632 Кондиционер_Nivea_Сияние_и_забота 160 27
66645 Крем-бальзам_п/бритья_Nivea_for_Men_Защита_и_Уход_75мл 271 98
66764 Игрушка_Настольная_игра_в_ассортименте 188 96
66780 Шампунь_Nivea_Энергия_и_сила_400_мл 212 90
66828 Гель_д/бритья_Nivea_Экстремальная_свежесть_200мл 190 38
66831 Крем_д/нормальной_и_комбинированной_кожи_Nivea_Make-up_Expert 282 54
66879 Освежающий_мусс_д/умывания_Nivea_д/нормальной_кожи 249 45
66883 Нежный_мусс_д/умывания_Nivea_д/сухой_и_чувствительной_кожи 249 97
66894 Крем_д/лица_Nivea_дневн_увлажн_против_морщин_50мл 220 43
66911 Помада_гигиеническая_Nivea_Классик_с_вит_Е_5г 115 57
66949 Крем_д/бритья_Nivea_For_Men_д/чувствительной_кожи_100мл 130 85
66973 Мусс_д/волос_Nivea_Объём_и_забота 253 97
66980 Кондиционер_д/тела_Nivea_Смываемый_Питательный_250мл 291 35
66997 Бальзам_д/губ_Nivea_Аква-забота_4.8_гр 117 45
67002 Кондиционер_Nivea_Сияние_и_объем 162 80
67013 Мыло-уход_Nivea_огурец_и_зеленый_чай_90г 50 46
67020 Дезодорант_мужской_Nivea_Deo_Aqua_Cool_спрей_150мл 141 77
67028 Крем_д/рук_Nivea_Защитный_75мл 86 95
67033 Крем_д/рук_Nivea_Комплексный 87 61
67036 Дезодорант_женский_Nivea_Энергия_свежести_спрей_150мл 155 89
67060 Дезодорант_женский_Nivea_Защита_антистресс_спрей_150мл 93 24
67063 Крем_д/лица_Nivea_ночнной_увлажняющий_против_морщин_50мл 218 82
67077 Молочко_д/тела_Nivea_Body_д/сух.кожи_250мл 292 62
67090 Нежный_смягчающий_тоник_Nivea_д/сухой_и_чувствительной_кожи 200 79
67097 Крем_Nivea_Увлажняющий_дневной 220 23
67198 SOS-бальзам_д/тела_Nivea_Body_Восстанавливающий_250мл 291 56
67210 Дезодорант_женская_Nivea_Невидимая_защита_д/черного_и_белого_спрей_150мл 157 33
67237 Молочко_д/тела_Nivea_Body_нежное_250мл 291 75
67291 Заменитель_сахара_Huxol_1200_таблеток 113 10
67320 Баллон_со_сжатым_газом_Hama_H-84417_для_очистки_труднодоступных_мест_400_мл 384 18
67352 Хлеб_Delba_Цельнозерновой_250г_пл/уп 148 21
67375 Игрушка_кукла_Кевин-спортсмен._6_в.._5731629 565 94
67403 Игрушка_Simba_кукла_Еви_12см_+_пупс_7,5см_в_кроватке 713 84
67446 Набор_маркеров-тестовыделителей_Stabilo_4шт 460 40
67451 Картридж_Макстра_Универсальный_упаковка_2 722 22
67452 Набор_маркеров-текстовыделителей_Stabilo_Neon_3шт_в_блистере 236 34
67453 Картридж_Макстра_Универсальный_упаковка 405 15
67469 Фильтр_кувшин_алуна_XL_синий_3,5л 604 84
67538 Полотенца_бумажные_Zewa_Дизайн_с_рисунком_2рул 250 24
67600 Хлеб_Delba_Цельнозерновой_500г 219 23
67730 Бумага_поделочная_креповая_сиреневый_50х250_см_плотность_30гр/м2 94 55
67737 Бумага_поделочная_креповая_бирюзовый_50х250см_плотность_30гр/м2 92 63
67758 Папка-конверт_Easy_orga_с_кнопкой_прозрачная_A5 83 76
67763 Папка-конверт_Easy_orga_с_кнопкой_A4 103 82
67767 Пенал_Flexi_31_предмет_4_мотива_полиэстер 1023 66
67782 Папка-конверт_Easy_orga_с_кнопкой_прозрачная_A5 94 46
67936 Спрей_д/чистки_и_блеска_стеклокерамики_Dr.Beckmann_250мл 330 57
67938 Гель_д/чистки_духовок_Dr._Beckmann_активный_375мл 248 64
67940 Средство_чистящее_д/нержавеющей_стали_Dr._Beckmann_пена_250мл 292 37
67943 Средство_д/чистки_стеклокерамики_Dr._Beckmann_250мл 203 99
67957 Пирожное_Kinder_Молочный_ломтик_28г 34 32
68091 Пирожное_Kinder_Maxi_King_35г 67 99
68121 Шок.батончик_Kinder_Maxi_21г 24 77
68122 Шок_яйцо_Kinder_Surprise_20г 62 30
68123 Шоколад_молочный_Kinder_Country_со_злаками_23,5г 46 21
68175 Жев.резинка_Orbit_Сладкая_мята_пакет_34г 62 39
68185 Жев_резинка_Orbit_Клубника-Банан_мультипак_136г 277 15
68187 Драже_Skittles_Фрукты_100г 78 82
68188 Драже_Skittles_2в1_100г 78 25
68190 Драже_Skittles_Кисломикс_100г 78 74
68192 Жев.резинка_Orbit_White_Классический_13,6г 28 70
68193 Жев.резинка_Wrigley`s_Spearmint_13г 29 32
68194 Жев.резинка_Juicy_Fruit_13г 29 12
68216 Очиститель_д/унитаза_Frosch_лаванда_750мл 166 15
68220 Чистящее_молочко_Frosch_лимон_0,5л 156 62
68221 Средство_д/мытья_посуды_Frosch_Лимон_концентрированный_натуральный_500мл 88 72
68228 Лосьон_д/деревянных_поверхностей_Emsal_распылитель_250мл 273 94
68318 Кофе_Egoiste_Noire_молотый_250г_пак 435 31
68365 Жев.резинка_Orbit_Сладкая_мята_банка_54,4г 113 40
68434 Шок.батончик_MARS_50г 40 90
68435 Шок.батончик_MILKY_WAY_26г 15 94
68451 Ручки_Pelikan_Stick_Pro_шариковые_синие_2шт._блист/упак 92 79
68539 Тряпка_COMFORT_универс._25х40см_70шт_арт.2801_PACLAN 285 54
68540 Набор_конфет_Toffifee_лесной_орех_в_карамели_125г 147 76
68555 Шоколад_молочный_Merci_100г 189 94
68570 Соус_Kuhne_Китайский_250мл_ст/б 243 84
68582 Уксус_бальзамический_Kuhne_итальянский_оригинальный_6%_250мл_ст/б 245 55
68583 Уксус_Kuhne_5%_итальянский_оригинальный_бальзамический_светлый_250мл_ст/б 226 29
68584 Уксус_яблочный_Kuhne_5%_750мл 230 42
68585 Уксус_Kuhne_из_красного_вина_6%_250мл_ст/б 188 43
68597 Корнишоны_Kuhne_сладкие_530г 261 64
68600 Горчица_Kuhne_Дижонская_острая_250мл_ст/б 226 48
68605 Горчица_Kuhne_Ротиссер_зернистая_250мл_ст/б 210 47
68606 Соус_салатный_Kuhne_Цезарь_250мл_ст/б 229 88
68622 Спрей_выпрямляющий_Got2b_Утюжок 276 70
68661 Корм_д/кошек_Whiskas_рагу/кролик/индейка_85г 21 65
68667 Корм_д/щенков_Pedigree_85г 16 64
68679 Шок.батончик_BOUNTY_55г 35 54
68691 Шок.батончик_TWIX_55г 30 71
68699 Корм_д/кошек_Whiskas_птица_рагу_85г 22 34
68713 Драже_Skittles_Фрукты_38г 34 54
68717 Гель_д/душа_FA_Men_Sport_Double_Power_Power_Boost_250мл 126 42
68754 Леденцы_Cavendish_&_Harvey_Sour_Cherry_Drops_200г 171 43
68796 Экспресс-очиститель_накипи_д/пмм_и_стиральных_машин_Top_House_200г 221 10
68797 Средство_д/нержавеющей_стали_Top_House_300мл 248 57
68805 Средство_д/чистки_стеклокерамики_Top_House_300мл 251 78
68849 Спрей_д/укладки_Syoss_термозащитный_250мл 443 22
68852 Лак_Taft_Ultra_сверхсильной_фиксации_75мл 160 54
68889 Присыпка_детская_Bubchen_100г 251 12
68928 Лак_д/волос_Got2b_Стальная_хватка 280 65
68934 Мусс_д/волос_Got2B_Ловушка_720379 266 31
69048 Краска_д/волос_Syoss_1-4_иссиня-черный 291 47
69050 Краска_д/волос_Syoss_1-1_черный 290 45
69156 Гель_д/душа_FA_Природная_свежесть_белый_чай_и_бамбук_750мл 294 56
69163 Мусс_д/укладки_волос_Syoss_Full_Hair_5D_экстрасильная_фиксация 369 68
69166 Лак_д/волос_Taft_гиперфиксация_Три_погоды_Ultimate_225мл 250 60
69167 Пена_д/укладки_Taft_гиперфиксация_Три_погоды_и_Ultimate_150мл 235 27
69186 Шампунь_Gliss_Kur_Экстремальный_объём_400мл 222 46
69190 Шампунь_Gliss_Kur_Экстремальный_объём_250мл 204 83
69207 Лак_д/волос_Taft_мегафиксация_Power_225мл 247 31
69273 Шампунь_Gliss_Kur_Million_Gloss_250мл 206 36
69313 Шампунь_Gliss_Kur_Экстремальное_восстановление_250мл 208 26
69335 Спрей_д/укладки_Taft_Секреты_горячей_укладки_от_Хайди_250мл 323 100
69402 Пена_д/укладки_Taft_сильной_фиксации_Невидимая_Фиксация_150мл 234 31
69413 Крем-краска_стойкая_Palette_K8_Светлый_медный 102 43
69419 Кондиционер_д/волос_Gliss_Kur_Экстремальное_восстановление_200мл 358 99
69566 Краска_д/волос_Syoss_Oleo_10-05_Жемчужный_блонд 326 72
69604 Крем-пена_для_ванн_Fa_Медовый_Эликсир_500мл 240 69
69608 Краска_д/волос_Syoss_Oleo_7-10_Натуральный_светло-русый 320 92
69641 Шампунь_Syoss_Full_Hair_5D 279 61
69672 Крем-краска_д/волос_Londacolor_42_темно-каштановый_+_увлажняющий_бальзам 139 53
69676 Крем-краска_д/волос_Londacolor_53_махагони_+_увлажняющий_бальзам 140 99
69694 Гель-воск_д/укладки_волос_Taft_Блеск_75мл 239 48
69714 Прокладки_гигиенические_Always_Ultra_Night_7шт 91 38
69715 Прокладки_гигиенические_Always_Ultra_Super_Plus_8шт 68 73
69716 Прокладки_гигиенические_Always_Ultra_Normal_10шт 68 76
69718 Прокладки_гигиенические_Always_Ultra_Night_Duo_14_шт 169 44
69722 Прокладки_гигиенические_Always_Ultra_Normal_Plus_Duo_20шт 168 94
69724 Прокладки_гигиенические_Always_Ultra_light_10_шт 68 86
69789 Гель_д/душа_FA_Yoghurt_Алоэ_Вера_750мл 296 18
69889 Дезодорант_ролик_жен_Fa_Sport_Прозрачная_Защита_50мл 123 66
69897 Салфетки_детские_Pampers_Sensitive_сменный_блок_56шт 101 94
69901 Салфетки_увлажненные_детские_Pampers_Sensitive_Quatro_сменный_блок_3+1x56шт 443 99
69935 Прокладки_ежедневныеDiscreet_Deo_Водная_лилия_Plus_50шт 173 93
69943 Прокладки_гигиенические_Naturella_Camomile_Normal_Trio_50шт 111 60
69946 Прокладки_ежедневные_DISCREET_Нормал_плюс_50шт 172 36
69959 Подгузники_Pampers_Active_Baby-Dry_15+_кг_6_размер_54шт 1175 81
69977 Подгузники_Pampers_New_Baby-Dry_3-6_кг_2_размер_94шт 926 99
69995 Прокладки_гигиенические_Naturella_Classic_Normal_Single_10шт 61 60
69997 Прокладки_гигиенические_Naturella_Classic_Normal_Duo_20шт 120 65
70007 Прокладки_гигиенические_Naturella_Ultra_Night_14шт 109 21
70015 Капсулы_д/стирки_Ariel_Cвежесть_от_Lenor_15шт 480 66
70016 Капсулы_д/стирки_Ariel_Color_15шт 481 28
70017 Капсулы_д/стирки_Ariel_Горный_родник_15шт 271 81
70114 Средство_д/мытья_посуды_Fairy_Platinum_Ледяная_свежесть_430мл 124 83
70129 Тампоны_Tampax_Normal_18шт_с_аппликатором 253 68
70130 Тампоны_Tampax_Super_18шт_с_аппликатором 249 72
70137 Прокладки_ежедневные_Discreet_Irresistible_Deo_20шт 54 94
70142 Прокладки_гигиенические_Always_Ultra_Sensitive_Night_14шт 167 45
70149 Прокладки_ежедневные_Always_Normal_60шт 255 62
70150 Прокладки_ежедневные_Always_Normal_Deo_60шт 260 16
70157 Прокладки_гигиенические_Always_Ultra_light_Duo_20шт 167 80
70189 Подгузники_Pampers_Sleep&Play_Maxi_7-14кг_14шт 221 22
70192 Прокладки_гигиенические_Naturella_Ultra_Maxi_16шт 111 17
70196 Прокладки_гигиенические_Naturella_Ultra_Maxi_8шт 77 74
70197 Прокладки_ежедневные_Naturella_Camomile_Normal_Deo_20шт 58 98
70202 Подгузники_Pampers_Sleep&Play_Junior_11-18кг_11шт 224 76
70212 Прокладки_ежедневные_Discreet_Deo_Океанский_бриз_60шт 154 40
70214 Прокладки_гигиенические_Naturella_Ultra_Normal_40шт 269 20
70222 Подгузники_Pampers_Sleep&Play_Midi_4-9_кг_ромашка_78шт 731 23
70226 Подгузники_Pampers_Sleep&Play_Junior_11-18кг_ромашка_58шт 731 100
70230 Подгузники_Pampers_Sleep&Play_Maxi_7-14_кг_ромашка_68шт 726 36
70233 Прокладки_Discreet_ежедневные_дышащие_100шт 269 73
70236 Прокладки_ежедневные_Naturella_Camomile_Normal_Deo_100шт 272 55
70238 Прокладки_ежедневные_Discreet_Deo_Водная_лилия_100шт 266 57
70247 Подгузники_Pampers_Active_Baby_Maxi_7-14кг_70шт 1166 48
70248 Зубная_паста_Lacalut_Activ_Herbal_75мл 220 89
70253 Зубная_щетка_д/детей_Lacalut_Baby_до_4лет_мягкая 186 39
70304 Пемза_педикюрная_Kaizer_натуральная_артKORPA07 219 54
70306 Терка_педикюрная_Kaizer_двухсторонняя_металлическая_артKORRB05 195 76
70313 Пемза_педикюрная_Kaizer_с_щеткой_розовая_артKORRA718 214 27
70314 Пинцет_Kaizer_прямой_артKOR158 182 31
70319 Терка_педикюрная_Kaizer_2-х_стор._керамическая_артKORPA06 222 86
70361 Пемза_Kaizer_педикюрная_ненатур.дерев.ручка_артKOPPPA07 250 92
70374 Точилка_Kaizer_двухсторонняя_квадратная_артKOR01 92 34
70384 Комплект_д/маникюра_Kaizer_пилка_шлифовочная_3шт_артKOR9 212 78
70385 Пилка_Kaizer_полировочная_двухсторонняя_толстая_артKOR10103 175 79
70392 Клипер_Kaizer_серебро_средний_прямой_артKOR603 130 20
70397 Пилка_Kaizer_шлифовочная_бумеранг_артKOR06 131 97
70449 Дезодорант_стик_Old_Spice_муж_Защита_от_пота_50мл 215 43
70453 Дезодорант_мужской_Old_Spice_Lionpride_стик_50мл 220 88
70455 Дезодорант_мужской_Old_SpIce_Bearglove_стик_50мл 169 86
70501 Шампунь_д/мужчин_Head_&_Shoulders_2в1_Против_выпадения_волос_из-за_ломкости_400мл 306 86
70519 Стиральный_порошок_Tide_автомат_д/чувствительной_и_детской_кожи_2.4кг 215 55
70527 Стиральный_порошок_Tide_автомат_д/чувствительной_и_детской_кожи_4,5кг 300 45
70677 Печенье_Leibniz_Minis_сливочное_100г_Bahlsen 123 94
70684 Печенье_Deloba_красная_смородина_100г_Bahlsen 188 63
70701 Вафельные_трубочки_Waffelletten_в_молочном_шоколаде_100г_Bahlsen 210 87
70702 Печенье_Deloba_с_черникой_100г_Bahlsen 189 98
70709 Печенье_Leibniz_Minis_Choco_100г_Bahlsen 123 88
70714 Чипсы_картофельные_Pomsticks_соломкой_Паприка_100г 112 73
70724 Пинцет_Kaizer_KOR161 193 89
70742 Пинцет-ножницы_Kaizer_артKOPP802 94 30
70745 Спонж_Kaizer_латексный_маленький_1/4 116 34
70760 Распорка_д/педикюра_Kaizer_артIM03 91 72
70762 Спонж_Kaizer_натуральный_большой 153 56
70773 Пилка_Kaizer_шлифовочная_бумеранг_артKOR204 132 13
70835 Пилка_Kaizer_шлифов_на_дерев_основе._бумеранг 129 98
70895 Презервативы_Masculan_3_с_колечками_и_пупырышками_10шт 343 49
70897 Презервативы_Masculan_1_Сlassic_№3_Нежные 130 64
70898 Презервативы_Masculan_3_Сlassic_№3_с_колечками_и_пупырышками 130 100
70901 Презервативы_Masculan_2_Ultra_с_пупырышками_и_спермицидной_смазкой_10шт 383 62
70903 Презервативы_Masculan_1_Ultra_№3_нежные_с_ароматом_тутти-фрутти 143 34
70904 Презервативы_Masculan_2_Ultra_№3_с_пупырышками_и_спермицидной_смазкой 140 35
70908 Презервативы_Masculan_3_Ultra_№3_с_колечками/пупырышками/анестетик 142 88
70940 Ножовка_по_металлу_150мм_арт_110030 101 48
71045 Чипсы_картофельные_Pomsticks_соломкой_Соль_100г 110 72
71051 Презервативы_Masculan_1_нежные_10шт 346 33
71093 Пластилин_fancy_12_цв_120гр_карт_уп_с_европодвесом_2_дизайна_2 72 74
71145 Зубная_щетка_Silca_Putzi_Baby_от_1_до_6лет 110 31
71187 Скобы_для_степлера_№24/6_1000штук 36 81
71237 Линейка_15см,_деревянная,_в_инд.пакете_с_европодвесом 15 85
71243 Линейка_25см_деревянная_в_индивидуальном_пакете_с_европодвесом 31 34
71280 Набор_гелевых_ручек_4_цв 83 15
71284 Набор_гелевых_ручек_6_цв 105 60
71305 Лента_клейкая_прозрачная_12ммх10_3шт_в_п/э_спайке 31 79
71307 Папка-скоросшиватель_ассорти_ф_а4 13 46
71308 Вкладыш_с_перфорацией_ф_a5_20шт 51 70
71321 Резинка_для_банкнот_цветная_50г_d=60мм_толщина_2мм_европодвес 72 50
71337 Линейка_15см_прозрачная_пластиковая_в_инд.пакете_с_европодвесом 11 90
71338 Линейка_25см_флюоресцентная_прозрачная_пластиковая_4цв_в_инд_пакете_с_европодвесом 22 46
71339 Линейка_20см._прозрачная._пластиковая._в_инд.пакете_с_европодвесом 16 39
71347 Набор_для_черчения-линейка_15см_2_треугольника-30/10_45/7_транспортир-10см_флюоресцент_е/п 63 60
71351 Набор_для_черчения-линейка_20см_2_треугольника-30/10_45/7_транспортир-10см_флюоресцент_е/п 83 38
71417 Набор_гелевых_ручек_с_резин._упором_ACTION!.6_штук._чернила_с_блестками._блистер_с_европодвесом 153 61
71418 Кисть_пони_живописная_круглая_№_5 30 10
71431 Набор_карандашей_цветных_FANCY.европодвес._6_цв. 51 93
71441 Папка_на_резинках_ф_а4_ассорти_черн_син_красн_сер_0,4мм 72 97
71527 Ножницы_Westcott_Easy_Grip_с_резиновыми_вставками_на_кольцах_8"_д/левшей_210мм,_блистер 195 52
71567 Клей-карандаш_23гр 24 84
71587 Лоток_для_бумаг_Sponsor_вертикальный_1_секция 197 59
71600 Набор_кистей_художественных_степная_лисица_6шт 63 83
71711 Тест-полоска_д/опреления_беременности_Мама_Test_№2 112 57
73053 Леденцы_Orbit_Лимон-Мята_35г 51 44
73202 Шампиньоны_резаные_Виталэнд_425мл_ж/б 130 15
73207 Ананасы_Vitaland_колечки_580_мл_ж/б 147 76
73208 Ананасы_Vitaland_кусочками_580мл_ж/б 146 10
73210 Ананасы_кусочками_Виталанд_850мл_ж/б 229 46
73217 Персики_Vitaland_половинки_850_мл_ж/б 199 95
73405 Сливки_УТП_питевые_Campina_10%_10*10г 43 61
73446 Дезодорант_д/обуви_Salton_150мл 185 14
73607 Игрушка_для_девочек_фигурки_YooHoo&Friends._5см._26в._дисплей_52шт._арт5955237 73 98
73645 Шампунь_Schauma_Fresh_it_Up_380мл 90 21
73677 Пластырь_Cosmos_textile_elastic_20шт 102 83
73679 Пластырь_COSMOS_sensitive_20шт. 132 37
73680 Пластырь_Cosmos_водостойкий_2_размера_20шт 105 90
73681 Пластырь_Cosmos_sport_20шт 146 98
73682 Пластырь_Cosmos_на_сухие_мозоли_на_палец_6шт 168 86
73696 Эл.лампа_OSRAM_64193-01B_H4_12V_60/55w_P43t 182 84
73702 Эл.лампа_OSRAM_2825-02B_W5W_12V_5w_W2,1x9,5d_блистер_2шт. 61 57
73760 Лак_Wellaflex_ССФ_250мл 255 97
73795 Крем-краска_д/волос_Wellaton_6/73_Молочный_шоколад 199 31
73808 Лак_д/волос_Wellaflex_ультра_сильной_фиксации_250мл 256 33
73857 Вода_Selters_мин.негаз.природ.леч-стол.1л_ПЭТ 184 70
73926 Крем-краска_д/волос_Wellaton_5/0_Тёмный_дуб 201 60
74083 Пюре_Hipp_банан/груша/манго_с_6мес_100г_д/пак 71 35
74113 Пена_Londa_Trend_ультрасильная_фиксация_200мл 225 18
74141 Соус_Kuhne_1000_островов_250мл_ст/б 226 93
74152 Соус_Kuhne_чесночный_250мл_ст/б 240 26
74187 Капсулы_д/стирки_Ariel_Color_23шт 699 83
74196 Шампунь_Pantene_Pro-v_Защита_от_потери_волос_400мл 264 92
74286 Бананы_сушеные_100г 72 70
74421 Набор_текстовыделителей_Berlingo_4_цвета_5мм_европодвес 377 23
74806 Жев.резинка_Eclipse_Ледяная_вишня_13,6г 35 73
74846 Жев.резинка_5_Electro_Свежая_Мята_31,2г 54 14
74946 Насадка_д/зубной_щетки_ORAL-B_Preclean_2шт 789 100
74965 Жев.резинка_Orbit_Сочный_арбуз_13,6г 28 58
74966 Жев.резинка_Orbit_White_Нежная_Мята_13,6г 28 24
74982 Жев.резинка_5_Cyclone_Сочный_арбуз_31,2г 55 86
75000 Жев.резинка_Orbit_Клубника-Банан_13,6г 26 79
75011 Бальзам_д/губ_Nivea_Интенсивная_защита_4,8г 115 78
75037 Масло_мотор._1л_(синт.)_Castrol_EDGE_0w40 959 34
75048 Масло_моторное_1л_(синт.)_Castrol_Magnatec_SAE_5W-40_A3/B4 618 27
75051 Масло_моторное_1л_(п/синт.)_Castrol_Magnatec_SAE_10W-40_A3/B4 411 81
75053 Масло_моторное_1л_(синт)_Castrol_EDGE_SAE_5W-30 780 16
75054 Масло_моторное_1л_(синт)_Castrol_Magnatec_SAE_5W-30_A3/B4 611 42
75085 Жев.резинка_Eclipse_Ледяная_свежесть_13,6г 35 55
75092 Зубная_щетка_Oral-b_Комплекс_Антибактериальный_40_средняя 87 11
75096 Бритва_BRAUN_Series1_130 3237 84
75102 Зубная_щетка_электрическая_Oral-B_Vitality_отбеливающая_артD12513DW 2017 69
75177 Кофе_Egoiste_Espresso_молотый_250г_пак 434 75
75270 Халва_кунжутно-арахисовая_Лада_250г_Рот_Фронт 114 46
75285 Конфеты_Коровка_30%_молока_250г_Рот_Фронт 112 41
75314 Освежитель_воздуха_Symphony_Душистая_сирень_300мл 111 53
75323 Средство_от_насекомых_Арнест_Дихлофос_Нео_140см3 67 12
75326 Антистатик-кондиционер_Лира_Цветочный_бальзам_200мл 80 49
75334 Средство_от_насекомых_Арнест_Дихлофос_Эко_190см3 71 32
75388 КПБ_1,5сп_Disney_Тачки_ранфорс_100%_хлопок 2822 38
75495 Освежитель_воздуха_Symphony_Зеленый_чай_и_фиалка_300мл 112 38
75525 Подушка_50*70,_Бамбук 1396 97
75536 Одеяло_172*205_Green_Line_бамбук_облегченное 1935 68
75543 КПБ_Евро_Волшебная_ночь_размер_наволочки_ткань_ранфорс,_100%_хлопок_50х70см 3153 84
75565 КПБ_1,5сп_Волшебная_ночь_с_наволочкой_70х70_ткань_ранфорс_100%_хлопок 2050 55
75588 Конфеты_Ирис_Золотой_ключик_250г_Красный_Октябрь 80 74
75705 Зубная_паста_отбелив_Cоffee&Tea_Ringo_150г 182 75
75712 Горшочек_духовой_д/запекания_Обжорa_коричневый 84 25
75845 Напиток_Fanta_апельсин_б/алк_газ_0,33л_ж/б 45 29
76051 Петрушка_150г_пак 57 39